target(straight) :
	lat	: -0.0014948
	lon 	: -0.000192
	x	: -21.337893321 
	y	: -165.01229055

target(turnleft):
	lat 	: -0.0005519 
	lon 	: -0.0009406
	x	: -104.533450336 
	y	: -60.924727834
